550432026011127226439469   1 10900,0     ,0          ,0          ,0          ,0          ,0          ,0          ,0          ,0          ,0          0           0090990   
550432026011130678221976   1 177473,0    ,0          ,0          ,0          ,0          ,0          ,0          ,0          ,0          ,0          0           0090990   
550432026011130688653351   1 3365,0      ,0          ,0          ,0          ,0          ,0          ,0          ,0          ,0          ,0          0           0090990   
550432026011130708136723   1 42838,0     ,0          ,0          ,0          ,0          ,0          ,0          ,0          ,0          ,0          0           0090990   
550432026011130709667064   1 48590,0     ,0          ,0          ,0          ,0          ,0          ,0          ,0          ,0          ,0          0           0090990   
550432026011130999008271   1 318739,0    ,0          ,0          ,0          ,0          ,0          ,0          ,0          ,0          ,0          0           0090990   
550432026011130999034515   1 23742,0     ,0          ,0          ,0          ,0          ,0          ,0          ,0          ,0          ,0          0           0090990   
550432026011130708227850   1 89827,0     ,0          ,0          ,0          ,0          ,0          ,0          ,0          ,0          ,0          0           0090990   
550432026011130716542773   1 35486,0     ,0          ,0          ,0          ,0          ,0          ,0          ,0          ,0          ,0          0           0090990   
550432026011130999009332   1 85487,0     ,0          ,0          ,0          ,0          ,0          ,0          ,0          ,0          ,0          0           0090990   
550432026011130999034752   1 448257,0    ,0          ,0          ,0          ,0          ,0          ,0          ,0          ,0          ,0          0           0090990   
550432026011130711731578   1 113179,0    ,0          ,0          ,0          ,0          ,0          ,0          ,0          ,0          ,0          0           0090990   
550432026011130716196379   1 97132,0     ,0          ,0          ,0          ,0          ,0          ,0          ,0          ,0          ,0          0           0090990   
550432026011130999063825   1 906825,0    ,0          ,0          ,0          ,0          ,0          ,0          ,0          ,0          ,0          0           0090990   
550432026011130633115121   1 333745,0    ,0          ,0          ,0          ,0          ,0          ,0          ,0          ,0          ,0          0           0090990   
550432026011130664543423   1 89645,0     ,0          ,0          ,0          ,0          ,0          ,0          ,0          ,0          ,0          0           0090990   
550432026011130716063182   1 38339,0     ,0          ,0          ,0          ,0          ,0          ,0          ,0          ,0          ,0          0           0090990   
550432026011130716074044   2 237982,0    ,0          ,0          ,0          ,0          ,0          ,0          ,0          ,0          ,0          0           0090990   
550432026011130716396033   1 107816,0    ,0          ,0          ,0          ,0          ,0          ,0          ,0          ,0          ,0          0           0090990   
550432026011133637552649   1 308,0       ,0          ,0          ,0          ,0          ,0          ,0          ,0          ,0          ,0          0           0090990   
550432026011120282998638   1 46828,0     ,0          ,0          ,0          ,0          ,0          ,0          ,0          ,0          ,0          0           0090990   
550432026011130640783199   1 10964,0     ,0          ,0          ,0          ,0          ,0          ,0          ,0          ,0          ,0          0           0090990   
550432026011130709107123   1 2135342,0   ,0          ,0          ,0          ,0          ,0          ,0          ,0          ,0          ,0          0           0090990   
550432026011130714482560   1 98917,0     ,0          ,0          ,0          ,0          ,0          ,0          ,0          ,0          ,0          0           0090990   
550432026011133500204279   1 5056,0      ,0          ,0          ,0          ,0          ,0          ,0          ,0          ,0          ,0          0           0090990   
550432026011130999004144   1 3192647,0   ,0          ,0          ,0          ,0          ,0          ,0          ,0          ,0          ,0          0           0090990   
550432026011130999033764   1 167174,0    ,0          ,0          ,0          ,0          ,0          ,0          ,0          ,0          ,0          0           0090990   
550432026011133707259839   1 333978,0    ,0          ,0          ,0          ,0          ,0          ,0          ,0          ,0          ,0          0           0090990   
550432026011130641155647   1 17190,0     ,0          ,0          ,0          ,0          ,0          ,0          ,0          ,0          ,0          0           0090990   
550432026011130708288361   1 326858,0    ,0          ,0          ,0          ,0          ,0          ,0          ,0          ,0          ,0          0           0090990   
550432026011130710075340   1 21416,0     ,0          ,0          ,0          ,0          ,0          ,0          ,0          ,0          ,0          0           0090990   
550432026011130678603003   1 936,0       ,0          ,0          ,0          ,0          ,0          ,0          ,0          ,0          ,0          0           0090990   
550432026011130711257159   1 54274,0     ,0          ,0          ,0          ,0          ,0          ,0          ,0          ,0          ,0          0           0090990   
550432026011130712453423   1 19397,0     ,0          ,0          ,0          ,0          ,0          ,0          ,0          ,0          ,0          0           0090990   
550432026011130714400564   1 79708,0     ,0          ,0          ,0          ,0          ,0          ,0          ,0          ,0          ,0          0           0090990   
550432026011130999056314   1 369297,0    ,0          ,0          ,0          ,0          ,0          ,0          ,0          ,0          ,0          0           0090990   
550432026011130999116236   1 1920,0      ,0          ,0          ,0          ,0          ,0          ,0          ,0          ,0          ,0          0           0090990   
550432026011133716215429   1 32327,0     ,0          ,0          ,0          ,0          ,0          ,0          ,0          ,0          ,0          0           0090990   
550432026011130504382539   1 40798,0     ,0          ,0          ,0          ,0          ,0          ,0          ,0          ,0          ,0          0           0090990   
550432026011130681615322   1 966857,0    ,0          ,0          ,0          ,0          ,0          ,0          ,0          ,0          ,0          0           0090990   
550432026011130712284079   1 8612,0      ,0          ,0          ,0          ,0          ,0          ,0          ,0          ,0          ,0          0           0090990   
550432026011133560456269   1 294274,0    ,0          ,0          ,0          ,0          ,0          ,0          ,0          ,0          ,0          0           0090990   
550432026011130699147539   1 145799,0    ,0          ,0          ,0          ,0          ,0          ,0          ,0          ,0          ,0          0           0090990   
550432026011130707419799   1 2746,0      ,0          ,0          ,0          ,0          ,0          ,0          ,0          ,0          ,0          0           0090990   
550432026011130714112836   1 102992,0    ,0          ,0          ,0          ,0          ,0          ,0          ,0          ,0          ,0          0           0090990   
550432026011130999064120   1 146816,0    ,0          ,0          ,0          ,0          ,0          ,0          ,0          ,0          ,0          0           0090990   
550432026011130546178451   1 1071538,0   ,0          ,0          ,0          ,0          ,0          ,0          ,0          ,0          ,0          0           0090990   
550432026011130708373318   1 6110,0      ,0          ,0          ,0          ,0          ,0          ,0          ,0          ,0          ,0          0           0090990   
550432026011130713031905   1 2311,0      ,0          ,0          ,0          ,0          ,0          ,0          ,0          ,0          ,0          0           0090990   
550432026011130717498689   1 15622,0     ,0          ,0          ,0          ,0          ,0          ,0          ,0          ,0          ,0          0           0090990   
550432026011130676624941   1 80123,0     ,0          ,0          ,0          ,0          ,0          ,0          ,0          ,0          ,0          0           0090990   
550432026011130708472936   1 32427,0     ,0          ,0          ,0          ,0          ,0          ,0          ,0          ,0          ,0          0           0090990   
550432026011130711903522   1 71176,0     ,0          ,0          ,0          ,0          ,0          ,0          ,0          ,0          ,0          0           0090990   
550432026011130999163145   1 302217,0    ,0          ,0          ,0          ,0          ,0          ,0          ,0          ,0          ,0          0           0090990   
550432026011130541917655   1 4283,0      ,0          ,0          ,0          ,0          ,0          ,0          ,0          ,0          ,0          0           0090990   
550432026011120264579563   1 80398,0     ,0          ,0          ,0          ,0          ,0          ,0          ,0          ,0          ,0          0           0090990   
550432026011130545681508   1 927396,0    ,0          ,0          ,0          ,0          ,0          ,0          ,0          ,0          ,0          0           0090990   
550432026011130501863129   1 6448,0      ,0          ,0          ,0          ,0          ,0          ,0          ,0          ,0          ,0          0           0090990   
550432026011130709208507   1 30452,0     ,0          ,0          ,0          ,0          ,0          ,0          ,0          ,0          ,0          0           0090990   
550432026011130577207190   1 290205,0    ,0          ,0          ,0          ,0          ,0          ,0          ,0          ,0          ,0          0           0090990   
550432026011130715672932   1 114954,0    ,0          ,0          ,0          ,0          ,0          ,0          ,0          ,0          ,0          0           0090990   
550432026011130710715358   4 405085,0    ,0          ,0          ,0          ,0          ,0          ,0          ,0          ,0          ,0          0           0090990   
550432026011130999004381   1 153072,0    ,0          ,0          ,0          ,0          ,0          ,0          ,0          ,0          ,0          0           0090990   
550432026011130711199450   1 42596,0     ,0          ,0          ,0          ,0          ,0          ,0          ,0          ,0          ,0          0           0090990   
550432026011130999046769   1 23867,0     ,0          ,0          ,0          ,0          ,0          ,0          ,0          ,0          ,0          0           0090990   
550432026011130711755736   3 603,0       ,0          ,0          ,0          ,0          ,0          ,0          ,0          ,0          ,0          0           0090990   
550432026011130999267595   1 149524,0    ,0          ,0          ,0          ,0          ,0          ,0          ,0          ,0          ,0          0           0090990   
550432026011130515985219   1 97279,0     ,0          ,0          ,0          ,0          ,0          ,0          ,0          ,0          ,0          0           0090990   
550432026011130666339521   1 90339,0     ,0          ,0          ,0          ,0          ,0          ,0          ,0          ,0          ,0          0           0090990   
550432026011130717029123   1 126874,0    ,0          ,0          ,0          ,0          ,0          ,0          ,0          ,0          ,0          0           0090990   
550432026011130999011345   1 904699,0    ,0          ,0          ,0          ,0          ,0          ,0          ,0          ,0          ,0          0           0090990   
550432026011130600096237   1 95131,0     ,0          ,0          ,0          ,0          ,0          ,0          ,0          ,0          ,0          0           0090990   
550432026011130708269820   1 61894,0     ,0          ,0          ,0          ,0          ,0          ,0          ,0          ,0          ,0          0           0090990   
550432026011120215043461   5 1335,0      ,0          ,0          ,0          ,0          ,0          ,0          ,0          ,0          ,0          0           0090990   
550432026011130619698742   1 136410,0    ,0          ,0          ,0          ,0          ,0          ,0          ,0          ,0          ,0          0           0090990   
550432026011130714056715   1 39651,0     ,0          ,0          ,0          ,0          ,0          ,0          ,0          ,0          ,0          0           0090990   
550432026011133707879519   1 9255,0      ,0          ,0          ,0          ,0          ,0          ,0          ,0          ,0          ,0          0           0090990   
550432026011120216061900   1 7963,0      ,0          ,0          ,0          ,0          ,0          ,0          ,0          ,0          ,0          0           0090990   
550432026011130681486859   1 31460,0     ,0          ,0          ,0          ,0          ,0          ,0          ,0          ,0          ,0          0           0090990   
550432026011130708324996   1 44180,0     ,0          ,0          ,0          ,0          ,0          ,0          ,0          ,0          ,0          0           0090990   
550432026011130999022746   1 885050,0    ,0          ,0          ,0          ,0          ,0          ,0          ,0          ,0          ,0          0           0090990   
550432026011133711895049   2 255222,0    ,0          ,0          ,0          ,0          ,0          ,0          ,0          ,0          ,0          0           0090990   
550432026011133999295989   1 111624,0    ,0          ,0          ,0          ,0          ,0          ,0          ,0          ,0          ,0          0           0090990   
550432026011130500781129   1 79389,0     ,0          ,0          ,0          ,0          ,0          ,0          ,0          ,0          ,0          0           0090990   
550432026011130710870515   1 109457,0    ,0          ,0          ,0          ,0          ,0          ,0          ,0          ,0          ,0          0           0090990   
550432026011130999003539   1 79110,0     ,0          ,0          ,0          ,0          ,0          ,0          ,0          ,0          ,0          0           0090990   
550432026011130999022819   1 25446,0     ,0          ,0          ,0          ,0          ,0          ,0          ,0          ,0          ,0          0           0090990   
550432026011130517250488   1 2124,0      ,0          ,0          ,0          ,0          ,0          ,0          ,0          ,0          ,0          0           0090990   
550432026011130598320183   1 382961,0    ,0          ,0          ,0          ,0          ,0          ,0          ,0          ,0          ,0          0           0090990   
550432026011130714292451   1 48709,0     ,0          ,0          ,0          ,0          ,0          ,0          ,0          ,0          ,0          0           0090990   
550432026011130999083400   1 362785,0    ,0          ,0          ,0          ,0          ,0          ,0          ,0          ,0          ,0          0           0090990   
550432026011120280291871   1 33861,0     ,0          ,0          ,0          ,0          ,0          ,0          ,0          ,0          ,0          0           0090990   
550432026011130598786727   1 2599,0      ,0          ,0          ,0          ,0          ,0          ,0          ,0          ,0          ,0          0           0090990   
550432026011130639429616   1 1157571,0   ,0          ,0          ,0          ,0          ,0          ,0          ,0          ,0          ,0          0           0090990   
550432026011130691443090   1 3509,0      ,0          ,0          ,0          ,0          ,0          ,0          ,0          ,0          ,0          0           0090990   
550432026011130999001552   1 2650618,0   ,0          ,0          ,0          ,0          ,0          ,0          ,0          ,0          ,0          0           0090990   
550432026011130708430567   1 230627,0    ,0          ,0          ,0          ,0          ,0          ,0          ,0          ,0          ,0          0           0090990   
550432026011130999216311   1 231068,0    ,0          ,0          ,0          ,0          ,0          ,0          ,0          ,0          ,0          0           0090990   
550432026011130709243671   1 113957,0    ,0          ,0          ,0          ,0          ,0          ,0          ,0          ,0          ,0          0           0090990   
550432026011133639925779   1 6281,0      ,0          ,0          ,0          ,0          ,0          ,0          ,0          ,0          ,0          0           0090990   
550432026011130709279544   1 377827,0    ,0          ,0          ,0          ,0          ,0          ,0          ,0          ,0          ,0          0           0090990   
550432026011130999005825   1 3498689,0   ,0          ,0          ,0          ,0          ,0          ,0          ,0          ,0          ,0          0           0090990   
550432026011130999033837   1 57883,0     ,0          ,0          ,0          ,0          ,0          ,0          ,0          ,0          ,0          0           0090990   
550432026011133621007519   1 1814,0      ,0          ,0          ,0          ,0          ,0          ,0          ,0          ,0          ,0          0           0090990   
550432026011127062501419   1 177398,0    ,0          ,0          ,0          ,0          ,0          ,0          ,0          ,0          ,0          0           0090990   
550432026011130560710859   1 43697,0     ,0          ,0          ,0          ,0          ,0          ,0          ,0          ,0          ,0          0           0090990   
550432026011130710626444   1 195464,0    ,0          ,0          ,0          ,0          ,0          ,0          ,0          ,0          ,0          0           0090990   
550432026011130715153528   1 70328,0     ,0          ,0          ,0          ,0          ,0          ,0          ,0          ,0          ,0          0           0090990   
550432026011130665138166   1 100454,0    ,0          ,0          ,0          ,0          ,0          ,0          ,0          ,0          ,0          0           0090990   
550432026011130710442882   1 41750,0     ,0          ,0          ,0          ,0          ,0          ,0          ,0          ,0          ,0          0           0090990   
550432026011130999083575   1 405779,0    ,0          ,0          ,0          ,0          ,0          ,0          ,0          ,0          ,0          0           0090990   
550432026011133712479529   1 22165,0     ,0          ,0          ,0          ,0          ,0          ,0          ,0          ,0          ,0          0           0090990   
550432026011130711024103   1 335,0       ,0          ,0          ,0          ,0          ,0          ,0          ,0          ,0          ,0          0           0090990   
550432026011130716346303   1 58102,0     ,0          ,0          ,0          ,0          ,0          ,0          ,0          ,0          ,0          0           0090990   
550432026011130999000874   1 394587,0    ,0          ,0          ,0          ,0          ,0          ,0          ,0          ,0          ,0          0           0090990   
550432026011130999273250   1 639180,0    ,0          ,0          ,0          ,0          ,0          ,0          ,0          ,0          ,0          0           0090990   
550432026011123235007339   1 35308,0     ,0          ,0          ,0          ,0          ,0          ,0          ,0          ,0          ,0          0           0090990   
550432026011130504536706   1 77633,0     ,0          ,0          ,0          ,0          ,0          ,0          ,0          ,0          ,0          0           0090990   
550432026011130654643063   1 352897,0    ,0          ,0          ,0          ,0          ,0          ,0          ,0          ,0          ,0          0           0090990   
550432026011130615330112   2 49475,0     ,0          ,0          ,0          ,0          ,0          ,0          ,0          ,0          ,0          0           0090990   
550432026011130717882128   1 51460,0     ,0          ,0          ,0          ,0          ,0          ,0          ,0          ,0          ,0          0           0090990   
550432026011130697696055   1 267233,0    ,0          ,0          ,0          ,0          ,0          ,0          ,0          ,0          ,0          0           0090990   
550432026011133519001999   1 411,0       ,0          ,0          ,0          ,0          ,0          ,0          ,0          ,0          ,0          0           0090990   
550432026011130709560286   1 51860,0     ,0          ,0          ,0          ,0          ,0          ,0          ,0          ,0          ,0          0           0090990   
550432026011130710472994   1 177865,0    ,0          ,0          ,0          ,0          ,0          ,0          ,0          ,0          ,0          0           0090990   
550432026011130708448091   1 32583,0     ,0          ,0          ,0          ,0          ,0          ,0          ,0          ,0          ,0          0           0090990   
550432026011130999007739   1 19595,0     ,0          ,0          ,0          ,0          ,0          ,0          ,0          ,0          ,0          0           0090990   
550432026011133707219519   1 634,0       ,0          ,0          ,0          ,0          ,0          ,0          ,0          ,0          ,0          0           0090990   
550432026011120269015609   1 57319,0     ,0          ,0          ,0          ,0          ,0          ,0          ,0          ,0          ,0          0           0090990   
550432026011130559697857   2 897,0       ,0          ,0          ,0          ,0          ,0          ,0          ,0          ,0          ,0          0           0090990   
550432026011130677162143   1 334536,0    ,0          ,0          ,0          ,0          ,0          ,0          ,0          ,0          ,0          0           0090990   
550432026011127110396835   1 39971,0     ,0          ,0          ,0          ,0          ,0          ,0          ,0          ,0          ,0          0           0090990   
550432026011130714171611   1 94567,0     ,0          ,0          ,0          ,0          ,0          ,0          ,0          ,0          ,0          0           0090990   
550432026011130567348500   1 7464,0      ,0          ,0          ,0          ,0          ,0          ,0          ,0          ,0          ,0          0           0090990   
550432026011130701648087   1 22838,0     ,0          ,0          ,0          ,0          ,0          ,0          ,0          ,0          ,0          0           0090990   
550432026011130571601865   1 125632,0    ,0          ,0          ,0          ,0          ,0          ,0          ,0          ,0          ,0          0           0090990   
550432026011130665272849   1 105358,0    ,0          ,0          ,0          ,0          ,0          ,0          ,0          ,0          ,0          0           0090990   
550432026011130708462167   1 23149,0     ,0          ,0          ,0          ,0          ,0          ,0          ,0          ,0          ,0          0           0090990   
550432026011130590203056   1 60152,0     ,0          ,0          ,0          ,0          ,0          ,0          ,0          ,0          ,0          0           0090990   
550432026011130667754301   1 97611,0     ,0          ,0          ,0          ,0          ,0          ,0          ,0          ,0          ,0          0           0090990   
550432026011130710964374   1 699294,0    ,0          ,0          ,0          ,0          ,0          ,0          ,0          ,0          ,0          0           0090990   
550432026011130711787697   1 212657,0    ,0          ,0          ,0          ,0          ,0          ,0          ,0          ,0          ,0          0           0090990   
550432026011130716741563   1 65501,0     ,0          ,0          ,0          ,0          ,0          ,0          ,0          ,0          ,0          0           0090990   
550432026011133685075259   1 1752007,0   ,0          ,0          ,0          ,0          ,0          ,0          ,0          ,0          ,0          0           0090990   
550432026011133698796109   1 4125,0      ,0          ,0          ,0          ,0          ,0          ,0          ,0          ,0          ,0          0           0090990   
550432026011127035877180   5 213,0       ,0          ,0          ,0          ,0          ,0          ,0          ,0          ,0          ,0          0           0090990   
550432026011130714494372   1 38857,0     ,0          ,0          ,0          ,0          ,0          ,0          ,0          ,0          ,0          0           0090990   
550432026011130715694979   1 20454,0     ,0          ,0          ,0          ,0          ,0          ,0          ,0          ,0          ,0          0           0090990   
550432026011130999002095   1 238597,0    ,0          ,0          ,0          ,0          ,0          ,0          ,0          ,0          ,0          0           0090990   
550432026011133505503649   1 7025,0      ,0          ,0          ,0          ,0          ,0          ,0          ,0          ,0          ,0          0           0090990   
550432026011120082706934   1 39977,0     ,0          ,0          ,0          ,0          ,0          ,0          ,0          ,0          ,0          0           0090990   
550432026011130633765827   1 7081,0      ,0          ,0          ,0          ,0          ,0          ,0          ,0          ,0          ,0          0           0090990   
550432026011130665693763   1 190610,0    ,0          ,0          ,0          ,0          ,0          ,0          ,0          ,0          ,0          0           0090990   
550432026011130999254116   1 248836,0    ,0          ,0          ,0          ,0          ,0          ,0          ,0          ,0          ,0          0           0090990   
550432026011133715826319   1 135800,0    ,0          ,0          ,0          ,0          ,0          ,0          ,0          ,0          ,0          0           0090990   
550432026011130638653547   1 194834,0    ,0          ,0          ,0          ,0          ,0          ,0          ,0          ,0          ,0          0           0090990   
550432026011130574564367   1 2340,0      ,0          ,0          ,0          ,0          ,0          ,0          ,0          ,0          ,0          0           0090990   
550432026011130641669519   1 148360,0    ,0          ,0          ,0          ,0          ,0          ,0          ,0          ,0          ,0          0           0090990   
550432026011130999002303   1 430972,0    ,0          ,0          ,0          ,0          ,0          ,0          ,0          ,0          ,0          0           0090990   
550432026011130711383030   1 32481,0     ,0          ,0          ,0          ,0          ,0          ,0          ,0          ,0          ,0          0           0090990   
550432026011130711448000   1 81949,0     ,0          ,0          ,0          ,0          ,0          ,0          ,0          ,0          ,0          0           0090990   
550432026011133999000709   1 1570086,0   ,0          ,0          ,0          ,0          ,0          ,0          ,0          ,0          ,0          0           0090990   
550432026011130651304233   2 10574,0     ,0          ,0          ,0          ,0          ,0          ,0          ,0          ,0          ,0          0           0090990   
550432026011130685092170   1 1440714,0   ,0          ,0          ,0          ,0          ,0          ,0          ,0          ,0          ,0          0           0090990   
550432026011130708983809   1 149804,0    ,0          ,0          ,0          ,0          ,0          ,0          ,0          ,0          ,0          0           0090990   
550432026011130710610343   1 407267,0    ,0          ,0          ,0          ,0          ,0          ,0          ,0          ,0          ,0          0           0090990   
550432026011130999007429   1 726064,0    ,0          ,0          ,0          ,0          ,0          ,0          ,0          ,0          ,0          0           0090990   
550432026011120411062059   2 156169,0    ,0          ,0          ,0          ,0          ,0          ,0          ,0          ,0          ,0          0           0090990   
550432026011127059342954   1 50355,0     ,0          ,0          ,0          ,0          ,0          ,0          ,0          ,0          ,0          0           0090990   
550432026011130710954212   1 3696,0      ,0          ,0          ,0          ,0          ,0          ,0          ,0          ,0          ,0          0           0090990   
550432026011130714230170   2 46467,0     ,0          ,0          ,0          ,0          ,0          ,0          ,0          ,0          ,0          0           0090990   
550432026011130999002230   1 360776,0    ,0          ,0          ,0          ,0          ,0          ,0          ,0          ,0          ,0          0           0090990   
550432026011130518917125   1 18283,0     ,0          ,0          ,0          ,0          ,0          ,0          ,0          ,0          ,0          0           0090990   
550432026011130619357015   1 165086,0    ,0          ,0          ,0          ,0          ,0          ,0          ,0          ,0          ,0          0           0090990   
550432026011130713157801   1 21453,0     ,0          ,0          ,0          ,0          ,0          ,0          ,0          ,0          ,0          0           0090990   
550432026011133711964059   1 362707,0    ,0          ,0          ,0          ,0          ,0          ,0          ,0          ,0          ,0          0           0090990   
550432026011130631285038   1 35130,0     ,0          ,0          ,0          ,0          ,0          ,0          ,0          ,0          ,0          0           0090990   
550432026011130704950345   1 4072335,0   ,0          ,0          ,0          ,0          ,0          ,0          ,0          ,0          ,0          0           0090990   
550432026011130716383179   1 181920,0    ,0          ,0          ,0          ,0          ,0          ,0          ,0          ,0          ,0          0           0090990   
550432026011130999004691   1 252784,0    ,0          ,0          ,0          ,0          ,0          ,0          ,0          ,0          ,0          0           0090990   
550432026011130712411437   1 51936,0     ,0          ,0          ,0          ,0          ,0          ,0          ,0          ,0          ,0          0           0090990   
550432026011133711843529   1 109302,0    ,0          ,0          ,0          ,0          ,0          ,0          ,0          ,0          ,0          0           0090990   
550432026011130509279884   1 4089,0      ,0          ,0          ,0          ,0          ,0          ,0          ,0          ,0          ,0          0           0090990   
550432026011130710174667   1 66205,0     ,0          ,0          ,0          ,0          ,0          ,0          ,0          ,0          ,0          0           0090990   
550432026011120259581126   1 108999,0    ,0          ,0          ,0          ,0          ,0          ,0          ,0          ,0          ,0          0           0090990   
550432026011130683731753   1 39042,0     ,0          ,0          ,0          ,0          ,0          ,0          ,0          ,0          ,0          0           0090990   
550432026011130715548999   1 3923,0      ,0          ,0          ,0          ,0          ,0          ,0          ,0          ,0          ,0          0           0090990   
550432026011130999001005   1 637825,0    ,0          ,0          ,0          ,0          ,0          ,0          ,0          ,0          ,0          0           0090990   
550432026011130999006503   1 516413,0    ,0          ,0          ,0          ,0          ,0          ,0          ,0          ,0          ,0          0           0090990   
550432026011130999036593   1 248408,0    ,0          ,0          ,0          ,0          ,0          ,0          ,0          ,0          ,0          0           0090990   
550432026011130999082897   1 306816,0    ,0          ,0          ,0          ,0          ,0          ,0          ,0          ,0          ,0          0           0090990   
550432026011130505607925   1 168191,0    ,0          ,0          ,0          ,0          ,0          ,0          ,0          ,0          ,0          0           0090990   
550432026011130591479306   1 30747,0     ,0          ,0          ,0          ,0          ,0          ,0          ,0          ,0          ,0          0           0090990   
550432026011130633531613   1 112547,0    ,0          ,0          ,0          ,0          ,0          ,0          ,0          ,0          ,0          0           0090990   
550432026011130665649209   1 196145,0    ,0          ,0          ,0          ,0          ,0          ,0          ,0          ,0          ,0          0           0090990   
550432026011133714595119   1 62098,0     ,0          ,0          ,0          ,0          ,0          ,0          ,0          ,0          ,0          0           0090990   
550432026011130645806871   1 14609,0     ,0          ,0          ,0          ,0          ,0          ,0          ,0          ,0          ,0          0           0090990   
550432026011130716119188   1 62854,0     ,0          ,0          ,0          ,0          ,0          ,0          ,0          ,0          ,0          0           0090990   
550432026011130999106443   1 1342002,0   ,0          ,0          ,0          ,0          ,0          ,0          ,0          ,0          ,0          0           0090990   
550432026011130606754600   1 24420,0     ,0          ,0          ,0          ,0          ,0          ,0          ,0          ,0          ,0          0           0090990   
550432026011130710928874   1 80330,0     ,0          ,0          ,0          ,0          ,0          ,0          ,0          ,0          ,0          0           0090990   
550432026011130714903663   1 72666,0     ,0          ,0          ,0          ,0          ,0          ,0          ,0          ,0          ,0          0           0090990   
550432026011130715388029   1 27849,0     ,0          ,0          ,0          ,0          ,0          ,0          ,0          ,0          ,0          0           0090990   
550432026011130501282444   1 88902,0     ,0          ,0          ,0          ,0          ,0          ,0          ,0          ,0          ,0          0           0090990   
550432026011130681618089   1 3222308,0   ,0          ,0          ,0          ,0          ,0          ,0          ,0          ,0          ,0          0           0090990   
550432026011130707482857   1 24757,0     ,0          ,0          ,0          ,0          ,0          ,0          ,0          ,0          ,0          0           0090990   
550432026011130715310526   1 104455,0    ,0          ,0          ,0          ,0          ,0          ,0          ,0          ,0          ,0          0           0090990   
550432026011130664540769   1 195315,0    ,0          ,0          ,0          ,0          ,0          ,0          ,0          ,0          ,0          0           0090990   
550432026011130707810927   1 1212828,0   ,0          ,0          ,0          ,0          ,0          ,0          ,0          ,0          ,0          0           0090990   
550432026011130707919902   1 1303116,0   ,0          ,0          ,0          ,0          ,0          ,0          ,0          ,0          ,0          0           0090990   
550432026011130999163072   1 361156,0    ,0          ,0          ,0          ,0          ,0          ,0          ,0          ,0          ,0          0           0090990   
550432026011133999001489   1 479484,0    ,0          ,0          ,0          ,0          ,0          ,0          ,0          ,0          ,0          0           0090990   
550432026011130708412038   1 6512,0      ,0          ,0          ,0          ,0          ,0          ,0          ,0          ,0          ,0          0           0090990   
550432026011130536006601   1 81796,0     ,0          ,0          ,0          ,0          ,0          ,0          ,0          ,0          ,0          0           0090990   
550432026011130999107059   1 510418,0    ,0          ,0          ,0          ,0          ,0          ,0          ,0          ,0          ,0          0           0090990   
550432026011133715287469   1 1638,0      ,0          ,0          ,0          ,0          ,0          ,0          ,0          ,0          ,0          0           0090990   
550432026011120055193585   1 987,0       ,0          ,0          ,0          ,0          ,0          ,0          ,0          ,0          ,0          0           0090990   
550432026011130637032492   1 441791,0    ,0          ,0          ,0          ,0          ,0          ,0          ,0          ,0          ,0          0           0090990   
550432026011130711267006   1 2291,0      ,0          ,0          ,0          ,0          ,0          ,0          ,0          ,0          ,0          0           0090990   
550432026011130999284031   1 575578,0    ,0          ,0          ,0          ,0          ,0          ,0          ,0          ,0          ,0          0           0090990   
550432026011133559626479   2 661,0       ,0          ,0          ,0          ,0          ,0          ,0          ,0          ,0          ,0          0           0090990   
550432026011130691664828   1 86332,0     ,0          ,0          ,0          ,0          ,0          ,0          ,0          ,0          ,0          0           0090990   
550432026011130712272259   1 138022,0    ,0          ,0          ,0          ,0          ,0          ,0          ,0          ,0          ,0          0           0090990   
550432026011130999002923   1 276003,0    ,0          ,0          ,0          ,0          ,0          ,0          ,0          ,0          ,0          0           0090990   
550432026011130999034442   1 192631,0    ,0          ,0          ,0          ,0          ,0          ,0          ,0          ,0          ,0          0           0090990   
550432026011130999107121   1 146528,0    ,0          ,0          ,0          ,0          ,0          ,0          ,0          ,0          ,0          0           0090990   
550432026011130999284899   1 809745,0    ,0          ,0          ,0          ,0          ,0          ,0          ,0          ,0          ,0          0           0090990   
550432026011123169699879   1 23585,0     ,0          ,0          ,0          ,0          ,0          ,0          ,0          ,0          ,0          0           0090990   
550432026011130639359693   1 275796,0    ,0          ,0          ,0          ,0          ,0          ,0          ,0          ,0          ,0          0           0090990   
550432026011130646395182   1 52434,0     ,0          ,0          ,0          ,0          ,0          ,0          ,0          ,0          ,0          0           0090990   
550432026011130708433132   1 1572,0      ,0          ,0          ,0          ,0          ,0          ,0          ,0          ,0          ,0          0           0090990   
550432026011133709014299   1 86523,0     ,0          ,0          ,0          ,0          ,0          ,0          ,0          ,0          ,0          0           0090990   
550432026011130512817196   1 42216,0     ,0          ,0          ,0          ,0          ,0          ,0          ,0          ,0          ,0          0           0090990   
550432026011130708853484   1 27188,0     ,0          ,0          ,0          ,0          ,0          ,0          ,0          ,0          ,0          0           0090990   
550432026011130711375232   1 50499,0     ,0          ,0          ,0          ,0          ,0          ,0          ,0          ,0          ,0          0           0090990   
550432026011130716462311   1 1353,0      ,0          ,0          ,0          ,0          ,0          ,0          ,0          ,0          ,0          0           0090990   
550432026011130683896310   1 591976,0    ,0          ,0          ,0          ,0          ,0          ,0          ,0          ,0          ,0          0           0090990   
550432026011130711269939   1 34364,0     ,0          ,0          ,0          ,0          ,0          ,0          ,0          ,0          ,0          0           0090990   
550432026011120183160061   1 33995,0     ,0          ,0          ,0          ,0          ,0          ,0          ,0          ,0          ,0          0           0090990   
550432026011130716688131   1 148230,0    ,0          ,0          ,0          ,0          ,0          ,0          ,0          ,0          ,0          0           0090990   
550432026011130711933146   1 109003,0    ,0          ,0          ,0          ,0          ,0          ,0          ,0          ,0          ,0          0           0090990   
550432026011130714421685   1 141321,0    ,0          ,0          ,0          ,0          ,0          ,0          ,0          ,0          ,0          0           0090990   
550432026011130999004527   1 148423,0    ,0          ,0          ,0          ,0          ,0          ,0          ,0          ,0          ,0          0           0090990   
550432026011133999034379   1 531534,0    ,0          ,0          ,0          ,0          ,0          ,0          ,0          ,0          ,0          0           0090990   
550432026011120247645323   1 46830,0     ,0          ,0          ,0          ,0          ,0          ,0          ,0          ,0          ,0          0           0090990   
550432026011130689387655   1 10317,0     ,0          ,0          ,0          ,0          ,0          ,0          ,0          ,0          ,0          0           0090990   
550432026011130707451749   1 19265,0     ,0          ,0          ,0          ,0          ,0          ,0          ,0          ,0          ,0          0           0090990   
550432026011130716962608   3 170527,0    ,0          ,0          ,0          ,0          ,0          ,0          ,0          ,0          ,0          0           0090990   
550432026011133999001179   1 2164513,0   ,0          ,0          ,0          ,0          ,0          ,0          ,0          ,0          ,0          0           0090990   
550432026011130714606901   1 21775,0     ,0          ,0          ,0          ,0          ,0          ,0          ,0          ,0          ,0          0           0090990   
550432026011130999033691   1 193203,0    ,0          ,0          ,0          ,0          ,0          ,0          ,0          ,0          ,0          0           0090990   
550432026011120160120437   1 210461,0    ,0          ,0          ,0          ,0          ,0          ,0          ,0          ,0          ,0          0           0090990   
550432026011130708565594   1 157318,0    ,0          ,0          ,0          ,0          ,0          ,0          ,0          ,0          ,0          0           0090990   
550432026011130711725608   2 25750,0     ,0          ,0          ,0          ,0          ,0          ,0          ,0          ,0          ,0          0           0090990   
550432026011130714560030   2 168546,0    ,0          ,0          ,0          ,0          ,0          ,0          ,0          ,0          ,0          0           0090990   
550432026011133539214999   1 27561,0     ,0          ,0          ,0          ,0          ,0          ,0          ,0          ,0          ,0          0           0090990   
550432026011133688256149   1 39831,0     ,0          ,0          ,0          ,0          ,0          ,0          ,0          ,0          ,0          0           0090990   
550432026011130638792032   1 74254,0     ,0          ,0          ,0          ,0          ,0          ,0          ,0          ,0          ,0          0           0090990   
550432026011130663213292   1 46022,0     ,0          ,0          ,0          ,0          ,0          ,0          ,0          ,0          ,0          0           0090990   
550432026011130710060505   2 12031,0     ,0          ,0          ,0          ,0          ,0          ,0          ,0          ,0          ,0          0           0090990   
550432026011130710244207   1 89466,0     ,0          ,0          ,0          ,0          ,0          ,0          ,0          ,0          ,0          0           0090990   
550432026011130710858043   1 58470,0     ,0          ,0          ,0          ,0          ,0          ,0          ,0          ,0          ,0          0           0090990   
550432026011130711327033   1 170311,0    ,0          ,0          ,0          ,0          ,0          ,0          ,0          ,0          ,0          0           0090990   
550432026011130999056551   1 184759,0    ,0          ,0          ,0          ,0          ,0          ,0          ,0          ,0          ,0          0           0090990   
550432026011130503838741   1 18892,0     ,0          ,0          ,0          ,0          ,0          ,0          ,0          ,0          ,0          0           0090990   
550432026011130999001315   1 2487095,0   ,0          ,0          ,0          ,0          ,0          ,0          ,0          ,0          ,0          0           0090990   
550432026011133714902739   1 57076,0     ,0          ,0          ,0          ,0          ,0          ,0          ,0          ,0          ,0          0           0090990   
550432026011130586412732   1 54095,0     ,0          ,0          ,0          ,0          ,0          ,0          ,0          ,0          ,0          0           0090990   
550432026011130999108047   1 233321,0    ,0          ,0          ,0          ,0          ,0          ,0          ,0          ,0          ,0          0           0090990   
550432026011130717077977   1 97857,0     ,0          ,0          ,0          ,0          ,0          ,0          ,0          ,0          ,0          0           0090990   
550432026011130999033527   1 286690,0    ,0          ,0          ,0          ,0          ,0          ,0          ,0          ,0          ,0          0           0090990   
550432026011123358364209   1 20008,0     ,0          ,0          ,0          ,0          ,0          ,0          ,0          ,0          ,0          0           0090990   
550432026011130683897090   1 172954,0    ,0          ,0          ,0          ,0          ,0          ,0          ,0          ,0          ,0          0           0090990   
550432026011130714628646   1 8343,0      ,0          ,0          ,0          ,0          ,0          ,0          ,0          ,0          ,0          0           0090990   
550432026011130715051768   1 23097,0     ,0          ,0          ,0          ,0          ,0          ,0          ,0          ,0          ,0          0           0090990   
550432026011130629432007   1 334821,0    ,0          ,0          ,0          ,0          ,0          ,0          ,0          ,0          ,0          0           0090990   
550432026011130710726988   2 138143,0    ,0          ,0          ,0          ,0          ,0          ,0          ,0          ,0          ,0          0           0090990   
550432026011130675984057   1 93181,0     ,0          ,0          ,0          ,0          ,0          ,0          ,0          ,0          ,0          0           0090990   
550432026011130715555448   1 15668,0     ,0          ,0          ,0          ,0          ,0          ,0          ,0          ,0          ,0          0           0090990   
550432026011130708196866   1 259,0       ,0          ,0          ,0          ,0          ,0          ,0          ,0          ,0          ,0          0           0090990   
550432026011130717600459   1 57585,0     ,0          ,0          ,0          ,0          ,0          ,0          ,0          ,0          ,0          0           0090990   
550432026011130709293350   1 59521,0     ,0          ,0          ,0          ,0          ,0          ,0          ,0          ,0          ,0          0           0090990   
550432026011130711258848   1 27038,0     ,0          ,0          ,0          ,0          ,0          ,0          ,0          ,0          ,0          0           0090990   
550432026011130999056489   1 1683,0      ,0          ,0          ,0          ,0          ,0          ,0          ,0          ,0          ,0          0           0090990   
550432026011130595987527   1 5248,0      ,0          ,0          ,0          ,0          ,0          ,0          ,0          ,0          ,0          0           0090990   
550432026011130707712208   1 86837,0     ,0          ,0          ,0          ,0          ,0          ,0          ,0          ,0          ,0          0           0090990   
550432026011130714768332   1 63083,0     ,0          ,0          ,0          ,0          ,0          ,0          ,0          ,0          ,0          0           0090990   
550432026011130999058392   1 439906,0    ,0          ,0          ,0          ,0          ,0          ,0          ,0          ,0          ,0          0           0090990   
